Minimum number of moves = 38

12 1 2 6 
10 8 7 4 
5 11 3 15 
9 13 14 0 

12 1 2 6 
10 8 7 4 
5 11 3 0 
9 13 14 15 

12 1 2 6 
10 8 7 4 
5 11 0 3 
9 13 14 15 

12 1 2 6 
10 8 7 4 
5 0 11 3 
9 13 14 15 

12 1 2 6 
10 0 7 4 
5 8 11 3 
9 13 14 15 

12 1 2 6 
0 10 7 4 
5 8 11 3 
9 13 14 15 

0 1 2 6 
12 10 7 4 
5 8 11 3 
9 13 14 15 

1 0 2 6 
12 10 7 4 
5 8 11 3 
9 13 14 15 

1 10 2 6 
12 0 7 4 
5 8 11 3 
9 13 14 15 

1 10 2 6 
0 12 7 4 
5 8 11 3 
9 13 14 15 

1 10 2 6 
5 12 7 4 
0 8 11 3 
9 13 14 15 

1 10 2 6 
5 12 7 4 
9 8 11 3 
0 13 14 15 

1 10 2 6 
5 12 7 4 
9 8 11 3 
13 0 14 15 

1 10 2 6 
5 12 7 4 
9 8 11 3 
13 14 0 15 

1 10 2 6 
5 12 7 4 
9 8 0 3 
13 14 11 15 

1 10 2 6 
5 12 7 4 
9 0 8 3 
13 14 11 15 

1 10 2 6 
5 0 7 4 
9 12 8 3 
13 14 11 15 

1 0 2 6 
5 10 7 4 
9 12 8 3 
13 14 11 15 

1 2 0 6 
5 10 7 4 
9 12 8 3 
13 14 11 15 

1 2 6 0 
5 10 7 4 
9 12 8 3 
13 14 11 15 

1 2 6 4 
5 10 7 0 
9 12 8 3 
13 14 11 15 

1 2 6 4 
5 10 0 7 
9 12 8 3 
13 14 11 15 

1 2 0 4 
5 10 6 7 
9 12 8 3 
13 14 11 15 

1 2 4 0 
5 10 6 7 
9 12 8 3 
13 14 11 15 

1 2 4 7 
5 10 6 0 
9 12 8 3 
13 14 11 15 

1 2 4 7 
5 10 6 3 
9 12 8 0 
13 14 11 15 

1 2 4 7 
5 10 6 3 
9 12 0 8 
13 14 11 15 

1 2 4 7 
5 10 6 3 
9 0 12 8 
13 14 11 15 

1 2 4 7 
5 0 6 3 
9 10 12 8 
13 14 11 15 

1 2 4 7 
5 6 0 3 
9 10 12 8 
13 14 11 15 

1 2 4 7 
5 6 3 0 
9 10 12 8 
13 14 11 15 

1 2 4 0 
5 6 3 7 
9 10 12 8 
13 14 11 15 

1 2 0 4 
5 6 3 7 
9 10 12 8 
13 14 11 15 

1 2 3 4 
5 6 0 7 
9 10 12 8 
13 14 11 15 

1 2 3 4 
5 6 7 0 
9 10 12 8 
13 14 11 15 

1 2 3 4 
5 6 7 8 
9 10 12 0 
13 14 11 15 

1 2 3 4 
5 6 7 8 
9 10 0 12 
13 14 11 15 

1 2 3 4 
5 6 7 8 
9 10 11 12 
13 14 0 15 

1 2 3 4 
5 6 7 8 
9 10 11 12 
13 14 15 0 

