Minimum number of moves = 54

15 6 8 1 
4 14 5 3 
12 9 13 10 
2 7 11 0 

15 6 8 1 
4 14 5 3 
12 9 13 10 
2 7 0 11 

15 6 8 1 
4 14 5 3 
12 9 13 10 
2 0 7 11 

15 6 8 1 
4 14 5 3 
12 0 13 10 
2 9 7 11 

15 6 8 1 
4 14 5 3 
0 12 13 10 
2 9 7 11 

15 6 8 1 
4 14 5 3 
2 12 13 10 
0 9 7 11 

15 6 8 1 
4 14 5 3 
2 12 13 10 
9 0 7 11 

15 6 8 1 
4 14 5 3 
2 0 13 10 
9 12 7 11 

15 6 8 1 
4 14 5 3 
2 13 0 10 
9 12 7 11 

15 6 8 1 
4 14 5 3 
2 13 7 10 
9 12 0 11 

15 6 8 1 
4 14 5 3 
2 13 7 10 
9 0 12 11 

15 6 8 1 
4 14 5 3 
2 0 7 10 
9 13 12 11 

15 6 8 1 
4 0 5 3 
2 14 7 10 
9 13 12 11 

15 6 8 1 
4 5 0 3 
2 14 7 10 
9 13 12 11 

15 6 0 1 
4 5 8 3 
2 14 7 10 
9 13 12 11 

15 6 1 0 
4 5 8 3 
2 14 7 10 
9 13 12 11 

15 6 1 3 
4 5 8 0 
2 14 7 10 
9 13 12 11 

15 6 1 3 
4 5 0 8 
2 14 7 10 
9 13 12 11 

15 6 1 3 
4 5 7 8 
2 14 0 10 
9 13 12 11 

15 6 1 3 
4 5 7 8 
2 0 14 10 
9 13 12 11 

15 6 1 3 
4 0 7 8 
2 5 14 10 
9 13 12 11 

15 6 1 3 
0 4 7 8 
2 5 14 10 
9 13 12 11 

0 6 1 3 
15 4 7 8 
2 5 14 10 
9 13 12 11 

6 0 1 3 
15 4 7 8 
2 5 14 10 
9 13 12 11 

6 1 0 3 
15 4 7 8 
2 5 14 10 
9 13 12 11 

6 1 7 3 
15 4 0 8 
2 5 14 10 
9 13 12 11 

6 1 7 3 
15 0 4 8 
2 5 14 10 
9 13 12 11 

6 1 7 3 
0 15 4 8 
2 5 14 10 
9 13 12 11 

6 1 7 3 
2 15 4 8 
0 5 14 10 
9 13 12 11 

6 1 7 3 
2 15 4 8 
5 0 14 10 
9 13 12 11 

6 1 7 3 
2 15 4 8 
5 14 0 10 
9 13 12 11 

6 1 7 3 
2 15 4 8 
5 14 10 0 
9 13 12 11 

6 1 7 3 
2 15 4 0 
5 14 10 8 
9 13 12 11 

6 1 7 3 
2 15 0 4 
5 14 10 8 
9 13 12 11 

6 1 7 3 
2 0 15 4 
5 14 10 8 
9 13 12 11 

6 1 7 3 
0 2 15 4 
5 14 10 8 
9 13 12 11 

0 1 7 3 
6 2 15 4 
5 14 10 8 
9 13 12 11 

1 0 7 3 
6 2 15 4 
5 14 10 8 
9 13 12 11 

1 2 7 3 
6 0 15 4 
5 14 10 8 
9 13 12 11 

1 2 7 3 
0 6 15 4 
5 14 10 8 
9 13 12 11 

1 2 7 3 
5 6 15 4 
0 14 10 8 
9 13 12 11 

1 2 7 3 
5 6 15 4 
9 14 10 8 
0 13 12 11 

1 2 7 3 
5 6 15 4 
9 14 10 8 
13 0 12 11 

1 2 7 3 
5 6 15 4 
9 0 10 8 
13 14 12 11 

1 2 7 3 
5 6 15 4 
9 10 0 8 
13 14 12 11 

1 2 7 3 
5 6 0 4 
9 10 15 8 
13 14 12 11 

1 2 0 3 
5 6 7 4 
9 10 15 8 
13 14 12 11 

1 2 3 0 
5 6 7 4 
9 10 15 8 
13 14 12 11 

1 2 3 4 
5 6 7 0 
9 10 15 8 
13 14 12 11 

1 2 3 4 
5 6 7 8 
9 10 15 0 
13 14 12 11 

1 2 3 4 
5 6 7 8 
9 10 15 11 
13 14 12 0 

1 2 3 4 
5 6 7 8 
9 10 15 11 
13 14 0 12 

1 2 3 4 
5 6 7 8 
9 10 0 11 
13 14 15 12 

1 2 3 4 
5 6 7 8 
9 10 11 0 
13 14 15 12 

1 2 3 4 
5 6 7 8 
9 10 11 12 
13 14 15 0 

