Minimum number of moves = 30

9 1 11 8 
2 0 3 4 
13 5 6 12 
10 7 14 15 

9 1 11 8 
0 2 3 4 
13 5 6 12 
10 7 14 15 

0 1 11 8 
9 2 3 4 
13 5 6 12 
10 7 14 15 

1 0 11 8 
9 2 3 4 
13 5 6 12 
10 7 14 15 

1 2 11 8 
9 0 3 4 
13 5 6 12 
10 7 14 15 

1 2 11 8 
9 5 3 4 
13 0 6 12 
10 7 14 15 

1 2 11 8 
9 5 3 4 
13 7 6 12 
10 0 14 15 

1 2 11 8 
9 5 3 4 
13 7 6 12 
0 10 14 15 

1 2 11 8 
9 5 3 4 
0 7 6 12 
13 10 14 15 

1 2 11 8 
0 5 3 4 
9 7 6 12 
13 10 14 15 

1 2 11 8 
5 0 3 4 
9 7 6 12 
13 10 14 15 

1 2 11 8 
5 7 3 4 
9 0 6 12 
13 10 14 15 

1 2 11 8 
5 7 3 4 
9 6 0 12 
13 10 14 15 

1 2 11 8 
5 7 3 4 
9 6 12 0 
13 10 14 15 

1 2 11 8 
5 7 3 0 
9 6 12 4 
13 10 14 15 

1 2 11 8 
5 7 0 3 
9 6 12 4 
13 10 14 15 

1 2 0 8 
5 7 11 3 
9 6 12 4 
13 10 14 15 

1 2 8 0 
5 7 11 3 
9 6 12 4 
13 10 14 15 

1 2 8 3 
5 7 11 0 
9 6 12 4 
13 10 14 15 

1 2 8 3 
5 7 11 4 
9 6 12 0 
13 10 14 15 

1 2 8 3 
5 7 11 4 
9 6 0 12 
13 10 14 15 

1 2 8 3 
5 7 0 4 
9 6 11 12 
13 10 14 15 

1 2 0 3 
5 7 8 4 
9 6 11 12 
13 10 14 15 

1 2 3 0 
5 7 8 4 
9 6 11 12 
13 10 14 15 

1 2 3 4 
5 7 8 0 
9 6 11 12 
13 10 14 15 

1 2 3 4 
5 7 0 8 
9 6 11 12 
13 10 14 15 

1 2 3 4 
5 0 7 8 
9 6 11 12 
13 10 14 15 

1 2 3 4 
5 6 7 8 
9 0 11 12 
13 10 14 15 

1 2 3 4 
5 6 7 8 
9 10 11 12 
13 0 14 15 

1 2 3 4 
5 6 7 8 
9 10 11 12 
13 14 0 15 

1 2 3 4 
5 6 7 8 
9 10 11 12 
13 14 15 0 

